Falls 527 212 430 446 508 449 275 421 434 563 214 372
Nootka 298 549 101 367 211 264 164 156 69 78 302 347
Chapmans 268 446 277 149 465 177 358 463 334 494 329 350
Westbridge 306 562 565 333 227 329 473 604 550 237 295 606
Tilbury 219 173 377 230 121 344 327 144 361 438 324 179
Fernie 495 257 352 418 433 316 668 439 731 340 512 371
Athalmer 532 546 516 537 489 336 586 537 545 371 434 452
Hodda 464 621 486 369 519 359 600 421 629 446 444 346
Cheekye 212 427 201 425 418 528 181 408 159 419 396 364
Tl'etinqox 393 287 345 331 305 196 454 254 295 332 354 284
Elphinstone 532 246 306 530 525 295 551 280 299 348 311 337
Sahali 464 397 319 333 475 439 306 497 417 478 336 370
Huntingdon 445 485 356 333 431 313 491 366 394 392 350 335
Stewart 193 450 170 392 182 388 221 298 384 337 175 161
Westley 494 587 378 610 318 633 295 512 258 457 579 278
Taku 253 602 245 342 426 452 216 563 319 375 395 309
Butedale 446 360 530 251 384 305 247 542 341 436 517 304
Esperanza 597 436 549 406 160 137 630 188 631 406 657 400
Kimberley 240 369 516 418 321 556 272 530 403 286 192 352
Warfield 481 231 199 580 489 523 281 395 527 457 577 173
Benchuny 585 193 370 491 553 514 514 261 160 435 372 303
sḵelh 546 574 259 366 445 221 573 227 294 485 543 586
Exlou 630 218 632 224 198 669 593 470 226 505 391 436
Wardner 277 698 287 598 651 485 618 329 669 477 515 663
Aa-at-sow-is 261 473 476 460 445 480 489 311 593 508 394 286
Unchietlat 589 550 440 465 351 529 436 504 375 490 526 434
Hall 200 515 470 229 476 120 541 498 476 437 442 339
ḵ'els 378 516 469 262 499 362 472 167 438 345 453 409
Sointula 554 553 605 484 543 402 387 507 301 279 274 572
Trail 489 324 373 385 345 447 275 277 299 417 396 287
Kemano 484 376 317 360 285 454 340 356 298 361 285 490
Meachen 354 452 450 326 261 301 226 319 308 302 278 356
Tipella 444 483 378 567 457 580 504 542 422 436 382 412
Finbow 259 273 316 484 264 351 703 227 364 444 528 490
Taghum 380 552 646 301 264 550 447 411 311 514 305 438
Sundance 448 545 553 350 265 125 450 474 247 332 445 87
Nuumaqimyis 389 379 550 558 382 630 483 424 531 470 423 519
Arnold 434 391 364 395 388 280 311 469 385 451 355 315
Langdale 387 663 592 485 651 488 369 588 474 342 635 608
Angusmac 626 337 342 575 734 355 463 623 735 744 545 294
Lavington 349 204 406 174 308 431 355 250 373 391 445 374
Edgewood 333 426 297 266 440 448 415 258 270 255 307 410
Shushartie 549 426 492 476 422 380 383 416 497 565 436 418
Gundy 222 400 408 399 336 239 437 242 226 188 184 197
Blowhole 306 185 198 527 190 259 318 299 529 423 472 240
Kitwanga 506 569 397 512 412 532 254 479 278 454 567 471
Perrys 403 603 521 540 562 602 589 622 477 396 412 430
Shoreholme 546 587 273 397 522 455 487 550 294 400 179 435
Coykendahl 477 397 518 478 271 286 217 555 433 283 323 493
Atluck 648 684 509 664 610 306 417 441 616 501 216 440
Clayburn 359 363 447 317 275 359 337 441 435 289 326 331
McCabe 220 162 532 554 499 467 580 150 136 492 235 287
Benledi 550 537 212 290 416 387 491 352 490 403 295 294
Fenwick 214 205 339 271 402 290 208 159 393 169 158 220
Kitkatla 253 304 388 589 741 410 624 248 692 638 363 429
Braeloch 463 483 613 379 608 558 440 358 543 497 482 459
Morey 325 290 503 325 443 237 387 182 238 509 252 355
Olson 403 252 361 503 427 480 462 528 443 462 483 437
Xts'init 223 366 568 452 685 480 242 459 495 662 199 612
Deadwood 294 383 400 293 376 273 429 382 369 401 348 322
Kissick 436 372 162 359 178 185 319 162 183 476 293 443
Extension 296 587 526 537 418 232 509 610 185 496 168 569
Evelyn 471 454 109 268 106 65 482 442 500 88 488 323
Tahsis 139 297 614 247 577 411 455 283 539 251 284 248
Sooke 224 310 260 402 402 487 231 415 353 212 490 330
Glenmore 361 513 344 606 337 421 527 346 391 563 597 499
Yennadon 290 418 420 416 363 308 430 416 420 531 473 387
Whitewater 280 609 260 467 172 515 439 544 481 271 53 44
Boulder 456 368 395 428 250 475 271 291 276 266 315 353
McCracken 252 186 394 123 480 368 191 480 429 549 551 276
Camborne 421 531 293 336 441 288 346 365 337 260 401 528
Oakridge 375 266 295 390 253 431 322 297 240 498 491 513
Blake 429 546 259 258 612 565 631 462 596 574 373 502
Griffith 418 525 428 478 340 459 380 447 375 426 479 419
Cahilty 406 291 546 212 610 459 632 700 396 382 269 678
Thrums 272 187 316 201 221 483 270 300 257 408 285 141
Wellington 603 535 264 276 414 202 504 496 544 191 585 449
Highlands 575 266 697 372 557 583 425 556 397 429 493 585
Devine 259 336 414 423 307 346 447 279 490 355 334 312
Palling 491 122 421 258 147 491 335 367 273 169 342 172
Sunshine 486 519 480 403 542 342 321 553 356 353 550 435
Cinema 523 522 518 287 537 370 211 204 495 539 250 272
Toketic 238 229 421 200 234 415 312 165 362 324 184 300
Eastburn 320 359 297 313 448 462 331 236 354 492 461 482
Canoe 400 174 416 620 640 607 670 459 380 357 511 310
Merton 442 248 308 245 223 375 276 337 408 390 448 364
Elleh 501 485 376 435 558 560 537 393 531 566 403 474
Lasqueti 293 380 431 419 383 497 519 458 528 383 459 363
Walker 560 526 474 314 284 158 391 588 155 302 328 206
Ashcroft 432 243 204 381 636 387 587 412 501 519 243 271
Cedarvale 412 572 509 404 517 548 405 392 388 525 581 547
Canim 257 329 280 407 503 526 324 226 277 216 565 413
Foster 401 439 669 419 576 310 444 555 381 710 467 469
Popkum 441 581 314 172 308 427 527 171 248 181 232 675
Holmwood 557 476 538 603 504 421 356 488 366 545 398 381
Kragmont 321 580 249 655 379 623 268 610 349 341 283 671
Silverhill 279 228 605 192 237 160 533 590 460 494 432 184
Dunster 513 554 297 455 293 158 403 553 375 385 263 251
Elkford 176 512 523 224 297 350 513 464 321 412 371 360
Golden 281 455 361 223 216 424 404 393 322 488 355 433
Suncrest 285 359 242 406 466 250 336 329 239 328 236 262
Hawks 288 358 292 461 295 383 450 492 304 336 293 346
Dentville 627 499 545 215 546 522 554 478 467 644 525 254
Winlaw 581 607 394 365 450 546 540 415 457 365 397 387
Surprise 675 651 564 364 552 275 309 180 430 302 517 221
Casino 377 322 440 326 436 371 389 338 391 375 427 277
Sunnybrae 297 330 431 511 364 499 382 295 236 521 210 561
Lempriere 400 598 330 596 602 423 598 651 366 588 450 355
Avola 118 583 508 377 559 440 534 491 121 662 231 520
sḵelhp 244 184 157 438 332 467 194 427 396 265 467 438
Waglisla 417 276 423 511 331 373 266 475 525 243 581 449
Killarney 321 581 686 665 646 586 416 362 380 457 519 583
Rosswood 545 494 432 508 528 576 366 529 306 227 588 270
Passmore 294 309 327 380 250 183 399 251 205 324 242 241
Chemainus 364 620 590 395 192 642 390 514 280 319 585 330
Nursery 300 469 351 281 547 322 382 471 511 330 482 492
Aldergrove 495 344 285 260 377 474 245 569 217 465 347 469
Osoyoos 507 482 353 548 570 417 394 560 541 496 369 446
Elgin 681 608 257 576 637 411 685 330 348 314 736 358
Erie 488 455 278 510 666 480 347 601 601 521 668 667
Davidson 474 564 361 677 246 467 469 659 192 478 550 267
Slocan 290 250 103 195 217 383 259 261 292 349 375 190
Dadens 369 480 569 474 506 425 544 553 528 511 451 576
Tsawwassen 253 555 400 533 301 325 287 370 337 322 275 548
Sardis 468 256 560 284 303 256 332 437 401 599 564 341
lekw'emin 238 233 270 406 571 625 561 295 600 502 579 511
Tye 461 221 486 336 205 181 310 368 336 393 430 427
Pyramid 418 399 301 373 385 237 309 266 187 476 272 470
Altona 379 473 310 330 327 432 308 359 381 375 501 269
Strathnaver 538 168 180 570 601 341 318 449 368 379 706 585
Deerholme 242 519 396 604 374 455 444 346 430 235 218 380
Dewdney 412 374 375 428 483 460 489 382 548 537 374 526
Hilltop 285 364 522 644 536 521 413 385 301 487 241 558
Colvalli 489 421 521 323 542 331 559 370 519 408 361 507
Vallican 521 480 519 302 416 274 455 413 272 320 352 479
Vinsulla 273 451 556 401 450 539 549 563 547 226 592 237
Taverna 226 430 393 362 386 303 363 288 229 202 340 289
Xeni 296 336 362 437 224 258 272 403 298 256 356 308
Tahltan 385 148 298 461 155 154 171 342 537 549 573 266
Cloverdale 492 451 586 741 589 319 350 230 594 274 658 272
Hopington 401 489 492 479 146 227 484 451 459 367 159 473
Matsqui 337 266 370 461 327 407 316 219 291 176 265 342
Meadowbrook 214 220 338 229 456 365 478 453 310 493 228 487
Needles 492 460 486 337 355 432 545 331 416 520 288 377
Applegrove 347 543 432 360 563 531 552 442 590 303 350 349
Ani'citakwul 241 350 315 411 403 318 229 429 279 230 251 276
Canyon 174 594 154 185 209 289 394 478 510 358 279 429
Tuwanek 336 355 414 247 503 241 420 192 348 227 209 470
Birchbank 366 542 462 353 403 427 372 545 421 334 466 582
Martinson 260 380 358 424 195 429 232 288 494 439 480 359
Nakusp 294 346 620 639 608 450 410 365 396 259 626 611
Hazelton 280 287 435 305 275 467 378 296 415 565 472 382
Agassiz 539 194 322 501 566 352 569 414 406 615 396 397
Bralorne 519 195 201 390 531 230 506 507 156 579 217 179
Paqulh 436 440 416 364 399 468 365 372 278 370 375 287
Macdonald 487 240 628 266 290 539 423 506 595 438 626 603
Fernwood 413 356 472 544 357 447 355 387 399 401 520 536
Hillbank 568 558 491 325 580 593 564 559 601 379 485 620
Likely 149 530 462 131 293 183 372 629 246 535 133 115
Tabor 659 422 362 424 270 444 293 632 458 402 519 262
Comer 458 298 386 361 433 291 453 486 491 414 405 390
McGillivray 495 385 361 495 418 307 428 494 377 315 503 444
Bergs 357 302 391 281 471 273 301 469 442 380 382 423
Kanaka 433 541 347 651 554 659 458 413 364 431 429 525
Collettville 460 239 630 451 190 168 489 388 514 534 740 719
Oliver 326 539 329 594 647 508 441 664 634 656 632 529
Whistler 263 223 115 510 246 348 564 253 463 403 510 501
Glenogle 524 269 189 363 267 320 544 327 532 335 243 604
Harrogate 497 338 589 304 318 398 430 312 506 506 504 475
Osborn 174 230 279 265 322 296 391 514 466 248 200 412
Quatsino 165 294 219 236 158 153 247 442 226 351 278 142
Anglemont 452 129 443 156 595 460 206 491 571 390 512 211
Forestdale 313 285 273 691 439 696 397 265 682 507 372 674
Hanceville 209 338 250 262 322 248 433 342 374 436 212 325
Hedley 376 397 383 586 290 409 395 252 513 248 456 401
Stellako 327 499 379 439 241 434 433 310 365 323 375 494
Lockeport 293 498 522 545 113 323 274 567 69 621 213 154
Harmer 275 472 238 528 274 587 536 486 543 408 500 481
Fitzwilliam 381 234 505 323 453 241 239 377 157 219 172 209
Nazko 359 499 489 340 338 264 593 509 372 528 516 572
Lister 469 244 453 353 364 308 503 376 347 288 240 448
Foss 267 172 183 392 596 569 196 413 201 254 562 358
Sweetwater 420 424 441 510 588 472 593 337 487 447 566 388
Egmont 605 593 176 536 546 453 187 624 529 387 261 520
Westply 574 545 393 387 564 281 375 274 479 454 237 255
Seaford 600 591 630 384 192 582 372 192 390 357 399 626
Hoo-ii 384 336 317 492 297 325 223 258 261 287 259 249
Shirley 344 316 438 219 333 436 424 250 359 367 315 255
Ridley 507 103 122 534 408 458 132 73 175 426 38 439
Wasa 350 660 184 356 212 320 306 135 618 698 437 361
Crowsnest 456 739 225 387 582 639 645 358 347 339 600 406
Fintry 339 474 622 368 566 279 290 487 528 580 177 564
Chasm 279 379 693 437 497 298 222 653 225 662 199 402
Bendziny 365 375 246 227 328 334 434 205 393 385 212 208
Silverdale 432 349 399 487 433 417 371 290 373 304 378 393
Kitseguecla 313 472 249 391 300 317 357 405 266 463 333 192
Exstew 613 727 495 637 467 429 325 618 710 242 257 479
Lemoray 487 491 394 521 472 489 410 414 545 337 507 540
Chetarpe 554 501 598 512 526 580 404 437 404 417 395 470
Burkeville 414 225 416 305 461 164 129 387 144 373 356 412
Carson 272 286 426 633 434 597 573 303 399 454 640 435
Wynndel 308 493 323 365 533 542 360 290 562 538 319 386
Greata 453 228 185 368 318 463 493 506 380 437 265 185
Ferndale 570 655 225 115 235 262 216 433 288 347 412 367
Terrace 330 535 419 423 487 421 347 326 290 247 176 593
McCulloch 233 285 622 246 149 247 157 442 509 228 571 503
Westview 653 341 587 276 378 463 626 600 526 528 281 244
Poupore 274 436 290 267 175 382 419 219 258 189 339 372
Ucluelet 364 260 564 257 608 560 608 347 429 246 279 339
Anyox 217 162 415 229 336 198 136 198 386 465 158 510
Youbou 381 461 330 385 382 362 509 579 509 576 544 224
Rosebery 325 423 418 362 451 510 510 448 532 613 602 526
Oweekeno 471 172 230 321 401 527 482 215 226 385 373 478
Waxwaal 447 320 671 546 572 419 523 283 647 377 576 550
Drynoch 473 414 312 346 508 386 331 518 460 507 301 466
Torrent 540 291 484 316 325 364 449 199 467 320 216 136
Delta 127 425 307 192 549 395 345 542 421 219 193 160
Clearbrook 386 332 504 477 548 563 453 433 382 519 352 422
Clayhurst 293 388 97 556 254 405 570 410 565 106 107 560
Victoria 526 375 552 561 511 398 406 564 484 492 451 463
Exeter 367 397 552 601 488 597 523 403 537 569 595 387
Cheakamus 469 259 377 435 352 429 325 156 494 230 491 457
Remo 427 497 302 391 457 312 306 324 332 630 394 644
Azouzetta 542 408 335 360 531 451 322 542 358 535 344 336
Ts'iispoo-a 314 347 515 418 461 445 423 446 353 332 465 450
Hydraulic 209 409 325 601 635 457 248 431 551 398 640 261
Chenatha 601 429 473 218 469 192 181 333 436 611 399 243
Kisgegas 193 434 384 273 270 522 197 299 470 470 365 188
Lytton 304 232 674 649 231 647 258 273 570 601 469 314
Saltair 469 600 526 285 513 616 302 315 198 531 267 505
Klua 476 433 476 385 531 423 362 488 462 541 511 444
Barlow 316 350 536 452 575 432 517 279 557 356 399 481
Keating 700 711 686 354 468 629 511 322 585 607 454 565
Glenmerry 193 155 310 347 231 378 220 218 465 245 241 536
Colquitz 476 438 521 580 469 409 345 430 589 364 456 358
Savory 349 498 363 537 316 522 538 458 501 503 304 482
Atlin 358 357 454 427 378 333 367 503 357 415 426 515
Squamish 298 517 532 292 362 581 495 477 539 524 552 457
Drewry 212 577 258 555 526 411 601 481 152 120 467 334
Kaisun 536 351 349 529 512 416 466 432 395 383 531 404
Marblehead 228 224 519 565 368 266 209 446 446 573 323 308
Meldrum 201 334 266 469 351 507 325 424 185 267 426 458
Nahun 658 292 678 315 582 576 571 324 602 654 325 678
Blewett 606 148 536 362 259 161 432 279 62 292 274 484
Wingdam 436 231 476 545 295 320 498 531 564 593 251 418
Illecillewaet 241 299 567 392 526 730 477 234 513 718 628 630
Renata 293 356 430 188 191 309 415 416 162 216 367 331
Tigulhdzin-chi 461 134 575 228 538 371 138 406 471 101 176 135
Demean 593 136 349 566 595 442 590 383 258 310 613 255
Mii'is'iik 617 523 633 268 626 260 509 472 457 502 426 531
Marilla 194 177 431 637 508 564 337 358 189 456 486 383
Cisco 404 593 536 344 436 424 385 329 614 426 611 376
Tlakmaqis 519 333 471 609 457 437 273 536 375 540 279 270
Ben-My-Chree 464 218 209 296 216 538 513 301 208 198 325 511
Greendale 453 333 245 93 346 533 376 173 281 476 184 170
Potter 308 191 572 240 289 674 264 623 235 477 374 368
Peachland 539 236 284 531 226 399 185 476 515 305 127 501
Moran 469 535 379 441 401 419 507 567 574 404 498 529
Yahk 491 277 392 538 385 231 528 589 243 525 295 415
Batoche 527 495 377 542 472 552 536 394 478 521 393 468
Sayward 231 473 513 361 244 485 579 300 448 185 463 135
Pavilion 711 549 444 428 746 341 330 565 515 365 446 723
Ahbau 407 365 509 654 296 691 495 726 372 634 491 556
Clinton 256 565 256 317 136 685 572 302 452 191 490 536
Jura 354 471 199 388 200 45 298 214 317 249 449 159
Onward 238 247 287 387 344 403 315 382 323 306 361 298
Montrose 340 310 304 295 290 234 512 420 435 175 360 437
Quin-e-ex 367 388 165 531 161 425 485 409 258 443 379 142
Poser 283 506 203 216 372 309 484 500 492 251 362 262
Hecate 197 81 440 406 467 523 544 57 180 122 243 458
Saach'akwat'a 486 320 79 98 123 481 584 317 86 468 444 441
Galiano 176 198 399 385 452 277 323 515 260 410 407 210
Canford 451 328 389 352 390 303 343 419 310 429 412 301
Qualicum 574 251 132 492 214 186 241 163 480 184 588 264
McConnel 448 408 612 567 562 516 697 266 460 288 421 338
Lakelse 260 589 266 583 300 269 325 492 420 565 382 400
Cassidy 392 431 624 663 359 535 637 606 424 426 368 648
Bamberton 132 139 302 208 102 332 110 535 261 145 117 293
Baldonnel 295 319 428 589 542 505 554 344 661 383 344 309
Burnaby 397 305 165 255 351 497 465 475 235 150 481 440
Fireside 364 498 345 617 459 612 530 609 638 489 617 346
Wright 22 415 194 198 122 557 332 28 87 277 434 478
Qati'a 464 339 252 492 337 469 444 359 525 449 375 276
Argenta 460 552 310 545 601 558 607 581 637 478 274 526
Cumberland 311 391 503 368 434 136 143 162 428 193 347 425
Makinson 534 513 325 548 480 334 510 378 464 338 402 509
Lejac 551 519 76 456 346 91 406 214 105 372 483 228
Sparwood 504 312 401 444 359 638 340 530 492 296 665 559
Stuie 437 632 625 715 431 448 531 352 477 184 646 313
Glade 273 501 560 715 189 630 488 292 452 170 531 489
Brookmere 361 414 560 409 552 517 565 201 354 577 398 456
Deroche 369 460 253 264 359 372 244 238 253 305 422 387
Cascade 522 588 675 649 411 409 419 412 396 374 560 409
Mons 211 318 358 164 428 224 400 181 472 282 268 381
Nuchatlitz 292 220 245 144 302 249 316 294 362 149 275 178
Otway 620 191 481 605 462 180 209 321 217 448 537 403
Nicholson 311 301 453 472 369 370 577 553 401 305 384 406
Caithness 444 278 360 304 400 332 275 282 240 307 336 281
Sunningdale 569 296 640 614 559 273 619 480 363 588 518 629
Colombie-Britannique 545 448 369 510 369 354 459 362 450 478 552 459
Othello 70 62 445 188 75 368 522 342 298 240 345 254
Hkusam 680 493 498 357 264 675 664 539 707 257 319 682
Barkerville 421 535 639 419 717 509 597 721 469 530 703 360
McAbee 322 667 535 349 190 541 614 663 666 413 631 651
Braeside 348 476 425 324 373 490 288 396 324 286 361 266
Trutch 342 258 353 325 450 210 457 383 341 249 479 334
Gibraltar 312 279 347 234 270 355 315 334 246 417 232 306
Ta:shiis 358 337 358 510 392 501 497 502 536 334 405 509
Gleam 447 433 245 273 514 224 473 382 442 255 320 285
Fountain 354 630 507 475 394 309 373 536 354 305 571 395
Edgewater 250 272 319 398 285 347 274 391 257 328 403 346
Katz 470 514 320 466 351 347 368 358 517 560 434 527
Fairfield 492 497 466 146 155 531 375 422 359 463 176 502
Streatham 636 363 206 626 331 342 161 347 460 387 248 451
Sarita 543 312 317 440 383 362 568 355 557 291 294 492
Atchelitz 480 469 429 518 271 330 403 623 338 269 496 281
Stephen 407 544 347 624 351 468 593 306 387 293 410 435
Farron 411 340 619 294 485 270 415 423 678 676 397 698
Woss 297 345 339 430 343 331 461 418 293 376 306 377
Delbrook 420 588 571 591 543 469 435 326 511 599 408 567
Arras 199 284 328 652 309 484 398 477 410 342 497 213
Cedarside 284 449 379 165 332 625 327 465 450 483 560 574
Prairiedale 336 374 232 158 248 215 516 465 453 514 438 406
Abbotsford 584 267 500 498 124 264 293 208 494 516 338 309
Hisnit 577 243 565 567 449 317 433 451 347 560 315 314
Alexandria 81 469 572 335 231 416 240 79 355 532 163 494
Westmount 592 465 514 396 469 524 461 590 442 509 282 316
Leanchoil 146 667 346 453 157 161 582 242 675 216 171 254
Ladner 387 442 269 441 362 421 335 312 415 271 315 323
Glenannan 260 315 565 443 328 645 472 387 238 295 593 608
Eastgate 431 345 281 346 287 287 350 337 296 448 296 321
Woodpecker 503 345 346 438 341 278 423 494 275 303 366 502
Foreman 278 457 176 172 352 242 320 178 304 583 294 416
Longworth 468 396 337 374 421 655 618 535 595 374 320 272
Trépanier 261 378 162 243 163 404 142 263 509 465 465 430
Burquitlam 205 323 249 538 137 477 574 282 210 479 493 132
Kalthaatik 373 433 424 445 302 151 304 358 512 456 502 218
Sevenoaks 357 287 340 300 301 205 332 445 304 406 252 286
Highrock 404 579 272 559 324 568 386 441 354 280 281 195
Polley 128 196 267 222 277 140 590 170 372 148 577 245
Kiikiixink'ok 320 255 403 445 486 270 524 385 254 286 474 469
Buick 420 319 200 453 261 387 245 337 307 313 231 409
Tasu 545 377 409 381 531 505 525 574 635 593 359 598
Wihat'a 419 397 319 415 425 446 520 535 542 381 465 259
Harrop 437 448 518 368 455 482 426 328 587 316 617 400
Nechako 239 620 459 215 193 200 534 386 131 484 616 236
Palliser 267 318 321 232 176 190 459 512 214 448 486 481
Hosmatqts'os 420 406 459 470 406 401 326 317 466 428 350 541
Comox 498 616 613 654 572 591 214 587 546 269 492 662
Hastings-Sunrise 527 467 455 464 568 567 539 371 343 494 585 522
Whalley 589 606 535 567 573 459 524 632 459 596 560 561
Floods 467 587 570 461 362 371 547 399 333 378 392 533
Quick 578 351 269 349 461 321 419 262 531 280 436 267
Gyproc 238 410 346 451 488 469 246 267 524 387 313 495
Valleyview 339 362 316 388 356 422 331 287 291 312 429 361
Swiftwater 98 435 331 220 586 195 636 497 565 620 531 474
Glacier 153 443 245 655 435 407 332 524 508 574 303 465
Rolla 131 310 305 327 192 304 268 514 339 378 449 315
Blaeberry 391 279 379 321 425 482 436 387 388 329 307 298
Elko 303 440 422 465 454 528 391 394 333 416 328 402
W'aayi 486 559 381 458 401 268 400 421 420 446 524 447
Tigulhdzin 548 162 559 562 235 287 457 352 102 127 314 202
Maht'ii'as 235 340 172 158 538 198 275 262 532 326 355 126
Belcarra 387 277 343 291 342 443 411 445 311 348 370 368
Gerrard 471 445 341 562 445 575 669 399 611 363 597 667
Shelley 278 285 413 228 321 305 317 370 291 419 351 371
Rossland 473 608 661 281 449 463 629 466 564 222 583 645
Field 662 550 506 636 608 334 496 428 503 605 338 412
Tlell 431 427 383 483 306 289 331 426 411 492 355 370
Beatton 119 458 167 328 171 168 550 476 235 137 534 573
Fleming 394 552 590 181 521 327 212 406 508 175 633 585
Pineview 415 533 350 486 461 569 506 565 498 506 383 326
Hydro 470 264 232 268 454 151 306 231 526 451 314 417
Albas 277 302 410 378 364 259 364 444 260 345 437 349
T'ak'uwaan 330 301 358 230 242 313 419 455 305 440 374 332
Spatsum 374 426 319 351 392 500 117 250 153 317 386 409
Coquitlam 497 549 516 726 287 504 625 615 346 287 425 697
Broadmoor 409 262 390 411 593 599 185 458 431 407 337 381
Xmaat'in 172 430 173 279 430 175 552 219 386 486 509 546
Atnarko 271 265 509 246 630 507 675 614 332 581 463 562
Ekwan 292 370 443 468 505 645 321 351 590 630 602 312
Mission 423 365 355 495 396 467 534 346 471 485 477 575
Shulus 633 419 629 282 549 535 388 395 478 643 688 692
x̱enichen 277 687 404 626 501 474 610 344 517 406 393 450
Metrotown 211 195 391 455 344 123 341 301 412 186 213 239
MacNeill 314 422 347 316 352 419 348 306 319 435 432 476
Walhachin 476 577 510 368 423 634 623 510 574 537 559 420
Ak:tiis 595 660 333 645 653 414 497 471 458 390 525 304
Messiter 565 376 335 559 490 403 359 527 321 483 481 609
Rykerts 430 371 592 637 432 647 476 468 412 388 420 556
Rivervale 577 344 433 446 371 532 436 612 332 328 453 579
Mackin 428 277 435 426 294 382 368 275 352 280 428 265
Yoyo 353 361 278 377 296 372 587 461 555 614 645 379
Saloon 322 471 175 188 543 530 273 328 324 177 453 321
Ououkinsh 512 545 572 730 350 499 276 700 524 468 278 480
Marguerite 468 198 163 411 125 213 382 212 468 302 481 165
T'iitskakis 208 315 427 434 174 436 300 399 225 358 256 319
Legrand 282 168 444 482 137 478 300 175 308 443 538 316
Silverton 450 576 483 512 378 377 441 551 432 469 408 476
Cariboo 493 570 478 374 594 542 471 412 495 605 576 631
Deekyakus 482 483 360 367 517 356 368 321 389 410 407 329
Douglas 548 404 320 509 416 165 487 500 400 555 190 439
Chopaka 318 467 382 339 442 506 469 327 553 509 569 520
Yellowhead 237 395 423 434 381 210 210 267 400 180 345 365
Sheraton 208 492 138 337 529 509 528 381 147 435 535 493
Caswell 567 287 463 548 529 366 464 366 412 461 390 358
Livingstone 301 556 277 540 372 583 317 372 397 360 422 431
Seddall 578 149 129 297 637 203 400 212 652 491 403 314
Birken 267 335 663 316 392 300 635 380 695 432 577 422
Langley 499 476 369 402 280 474 409 466 388 324 496 489
Garbitt 466 262 317 433 298 272 420 470 405 555 204 487
Malahat 550 529 612 635 509 366 293 363 470 535 662 636
Amsbury 383 355 327 341 434 360 401 361 337 423 237 390
Granite 532 304 367 399 263 244 419 536 529 216 515 446
Cranberry 583 341 555 281 450 316 271 360 317 378 287 331
Rosedale 235 610 474 521 551 249 257 475 376 258 575 503
Thompson 197 435 195 499 642 593 323 311 559 205 224 639
Glendale 526 549 322 167 668 236 265 290 197 466 459 326
Cheslatta 434 505 587 497 508 402 500 397 449 488 485 533
Kitchener 546 502 446 590 544 543 558 561 413 398 414 391
Sullivan 358 529 528 227 596 299 510 194 319 669 247 567
Groundbirch 434 500 280 626 410 555 366 555 225 490 224 564
Glenrosa 444 280 341 493 314 347 355 409 411 342 333 291
Quinsam 330 504 476 698 413 277 210 269 332 304 193 621
Yekooche 327 236 307 323 232 485 470 501 351 288 324 417
Creston 208 252 314 201 331 380 243 415 107 163 402 194
Yarksis 727 547 577 392 706 445 694 271 456 504 378 338
Newlands 553 473 578 349 164 330 289 539 188 314 342 413
Centreville 592 639 310 547 384 436 491 469 632 204 609 427
Remac 412 319 392 438 287 411 355 355 422 262 244 251
Skeena 257 276 139 211 128 390 337 301 197 130 516 507
Kennedy 166 202 577 606 607 562 595 326 131 518 606 170
Parksville 382 665 502 348 155 363 438 343 688 364 687 366
Steelhead 351 385 468 326 328 274 415 328 421 345 176 357
Conrad 427 563 425 532 244 112 272 138 477 341 520 346
Tulameen 470 419 386 539 497 422 554 453 486 406 463 496
Sorcerer 403 378 347 300 401 366 360 474 356 345 303 494
Alberni 403 487 631 634 498 562 523 434 464 404 436 434
Matilpi 524 392 386 524 535 390 269 395 309 487 251 256
Huble 708 380 508 524 200 341 190 638 335 666 654 318
Meadows 294 106 452 488 402 123 92 359 111 279 432 592
Klit-kle-mah-ah 223 410 256 270 346 295 370 265 413 346 271 214
McGuire 134 313 509 97 414 246 495 450 345 343 366 89
Haig 633 359 538 337 391 567 584 437 559 584 443 484
Balfour 307 389 241 165 431 404 565 592 365 636 186 179
Annacis 709 284 401 389 476 714 723 692 462 610 395 634
Elkview 587 305 470 222 237 272 377 431 276 600 604 426
Forde 344 513 94 471 446 186 492 165 418 414 451 480
Nelson 552 403 345 576 306 416 362 314 504 406 494 416
Fowler 141 376 480 519 427 382 108 397 403 148 505 129
Hixon 341 620 550 268 211 430 338 316 468 378 253 615
Fife 439 547 548 496 540 462 504 356 390 417 496 377
Mayook 712 299 389 631 719 538 405 687 641 323 467 705
Thwaytes 575 187 383 563 328 529 391 343 417 481 576 549
Coutlee 384 598 588 491 467 480 263 667 656 376 475 610
Pitman 363 353 379 500 337 391 475 562 524 371 301 426
Boswell 459 536 571 373 494 546 356 543 484 348 573 382
Panorama 585 524 538 556 508 462 324 492 649 531 138 369
Tatlow 537 429 440 392 109 357 297 173 543 559 412 111
Kuldo 393 525 366 230 181 490 396 486 309 550 166 408
ḰENNES 621 597 545 586 371 650 519 171 508 295 629 689
McMurdo 392 503 581 432 522 338 194 340 514 568 444 357
Telachick 324 176 488 149 519 261 508 292 317 516 153 476
Wabi 548 530 469 333 427 399 549 450 534 432 504 503
Pleasantside 373 591 260 381 531 519 197 275 266 214 286 415
Reclaim 303 298 498 640 299 552 375 335 448 526 576 452
Basford 262 272 710 310 608 461 566 565 537 582 264 340
Ksgyukwsa'a 647 415 514 390 510 401 661 302 316 548 232 698
Lauretta 441 248 341 641 622 750 590 612 519 545 446 492
Kobes 305 297 342 572 278 330 511 440 356 545 345 296
Nanaimo 399 615 484 352 589 587 510 270 311 496 276 252
Newgate 360 523 429 253 444 489 304 379 259 514 416 531
Ots'oo-a 177 182 692 525 639 702 570 398 243 234 536 408
Anzac 371 347 206 354 195 224 373 298 395 410 351 184
Yoho 498 485 521 335 709 165 624 528 207 243 281 362
Kalamalka 583 451 596 532 321 361 465 536 296 303 618 505
Paulson 189 298 191 375 303 358 160 156 366 430 486 388
Weewanie 496 520 540 322 340 474 487 515 519 519 433 322
Thunderbird 226 194 480 278 421 153 279 178 333 224 271 370
Chilliwack 589 619 215 244 79 651 88 300 86 262 317 540
Hollyburn 379 524 454 521 375 482 422 446 348 381 373 370
